$ANSIBLE_VAULT;1.1;AES256
32386433303235656366663665663965343664633734376665356331363533323266616463383934
3338386336646237616634613831383837303934636531380a623238386332343065353866343866
34356430663634633030613763363638303434313034616138326166643065633734636139376135
3035393266643432320a346235666432373032326139663235383630613535346430303739323830
65316165313261353231386535613937343131386365366561383162393762316465323238323666
32306436393066326261316563643539303536346361613761306137303166353763313964656234
31383663633530353865663031373163353736653034613634373230336534666339326330303065
36353636386438653861343532613836343566366662373161393436636239336361383635393865
33323936363030383136663234616564373939643661616663636666343431303162323539663333
38613736343937303231356339633963613637643934656265356539653961303133616666626262
61356138396437373938626363333561303838323063303637643263646461396233373864333165
62383633373562643865383339653534303839333635353965366434363232616432323462323736
38663832386332393937666139386436383538343664663963396331373164396162303634356531
31663661316438663430353137356637316462386162396639363834663262646261666634623437
63656534643436376566313666636266303234653330646233303031643936386333306462306338
30333462643737663966353965323634613533663732343839313339636163386435396339643136
61353231613061633238353032363562346633386338663561333430633761326662373638343839
66356638646232626635386634313038303064373939633037633833393466613132346338306463
39663632376163323532653161333539316237393065386662646661633435643962306361316232
64343436306262346231343839646237313238356137343936383036626230663937373830366433
66616263313338663339303234646239656139343961343830623032623738663735373132343537
66303037333630356539393133653464636532663037383738383839353937643661396461366532
34613137373364396531656430313463356633396261373163316330386333313762613038346533
62326439343961343136
